0: [-0.53836035  0.00554265  0.00440135 -0.88199541]
1: [ 0.00260513  0.01145495  0.01086026 -0.13274861]
2: [ 0.00569249 -0.04512019  0.02333825 -0.44355349]
3: [-0.09652711 -0.89286048  0.05093139 -0.36922511]
4: [0. 0. 0. 0.]
5: [ 0.00072169  0.01140342 -0.00684695 -0.02322931]
6: [0.00512031 0.01895028 0.01949651 0.00568963]
7: [0.01056169 0.05009508 0.04109062 0.01108934]
8: [0.02136883 0.08395288 0.11360607 0.01672213]
9: [ 0.05207704 -0.90532157  0.21218617 -0.99983989]
10: [-0.52983189  0.0144259  -0.000573   -0.01758274]
11: [-0.00113276  0.04699414 -0.17315975 -0.12809213]
12: [ 0.02365656  0.11135423 -0.00520393  0.02431695]
13: [0.04648424 0.2345661  0.19543369 0.05029046]
14: [0.10966728 0.67091152 0.45760593 0.04703775]
15: [ 0.65888123 -0.00582089 -0.00993668  0.00175176]
16: [-4.37618510e-04 -7.62519012e-01 -9.75030161e-02 -1.41305036e-02]
17: [-0.04201138 -0.45631189 -0.43848432  0.04757974]
18: [0.00760927 0.4225012  0.11607748 0.11016224]
19: [0.22224971 0.96281281 1.         0.22087355]
20: [ 0.75574829 -0.00944506 -0.99473165 -0.05823153]
21: [-0.46619606 -0.39081981 -0.36149663 -0.00316365]
22: [-0.62040311 -0.58800553 -0.57053279 -0.11365947]
23: [-0.07548094  0.20021418  0.35253754  0.24142744]
24: [0. 0. 0. 0.]
