0: [-0.67388094  0.13348389  0.13347337 -0.86100869]
1: [0.10011292 0.17797852 0.17793116 0.20456344]
2: [0.13348389 0.23730469 0.23730469 0.96896097]
3: [ 0.14551012 -0.99987644  0.31640625  0.48489414]
4: [0. 0. 0. 0.]
5: [-0.54379292  0.09041625  0.17797403  0.0059294 ]
6: [0.07137608 0.23730459 0.06521999 0.13348389]
7: [0.17737597 0.31640625 0.3164012  0.17797852]
8: [0.23730469 0.23730469 0.421875   0.23730469]
9: [ 0.31640625 -0.14389469 -0.28178096 -0.67589224]
10: [-0.77180277  0.07760521  0.23730306  0.08192486]
11: [-0.4460656  -0.12848257 -0.08528772  0.1459329 ]
12: [0.07277093 0.421875   0.13636168 0.23730469]
13: [0.31640219 0.5625     0.5625     0.31640625]
14: [0.33567403 0.81519129 0.75       0.11200143]
15: [-0.07255977  0.31640572  0.18072317  0.15204738]
16: [-0.00329387 -0.13908889  0.4218749  -0.03238765]
17: [0.06438897 0.20477512 0.19209606 0.31640296]
18: [0.23725335 0.75       0.74998327 0.421875  ]
19: [0.5625     0.39242573 1.         0.5625    ]
20: [-0.67103566  0.35157004 -0.76588695 -0.24886975]
21: [ 0.10068311  0.56249999 -0.86122509  0.0481558 ]
22: [0.19312193 0.75       0.67285066 0.15493385]
23: [0.43704917 1.         0.8648024  0.5625    ]
24: [0. 0. 0. 0.]
