0: [-0.82218292  0.99910036  0.99930021 -0.66356368]
1: [ 0.99920028  0.97229701  0.97774909 -0.59274131]
2: [ 0.99904741 -0.23722872  0.20372483 -0.02120087]
3: [ 0.79187611 -0.90564869  0.40856447  0.68745646]
4: [0. 0. 0. 0.]
5: [-0.37291096  0.99940015  0.99940015  0.99920028]
6: [0.99542766 0.99004448 0.9995001  0.99677509]
7: [0.40425477 0.0467793  0.39752287 0.99746712]
8: [0.38561113 0.25816346 0.24864687 0.5595079 ]
9: [ 0.35364273 -0.71957105  0.8731641  -0.88179492]
10: [0.22770785 0.9995001  0.9995001  0.99930021]
11: [0.99914973 0.99886354 0.99960006 0.99932087]
12: [0.9995001  0.96497649 0.96523215 0.9008729 ]
13: [0.99940015 0.80801968 0.81652423 0.44246403]
14: [ 0.99930021 -0.07833606  0.83329569  0.71689325]
15: [-0.53388148  0.99960006  0.99960006  0.99940015]
16: [0.9995001  0.9995001  0.99970003 0.9995001 ]
17: [0.99960006 0.9538327  0.99499903 0.98230856]
18: [0.83444892 0.99910036 0.74614742 0.31585912]
19: [0.79177891 0.13403826 0.6808968  0.99920028]
20: [-0.58666274  0.99970003  0.55965365  0.99418078]
21: [ 0.99960006  0.99980001 -0.98664609  0.99960006]
22: [ 0.99970003  0.9999     -0.8902049   0.9995001 ]
23: [ 0.99980001  1.         -0.95862089  0.99900045]
24: [0. 0. 0. 0.]
